D=[-30 9 9;10 -2.9999 -2.9999;6 -6 -20];
g=[10;-3.3333;10];
x=D\g
