Z=[2 3;2 3.0001];
d=[1;2];
x=Z\d
