Y=[2 3;2 3.0001];
c=[1;0.9999];
x=Y\c
